$ 0 0.000005 10.20027730826997 50 5 50 5e-11
f 176 352 176 256 33 1.5 0.02
L 176 352 176 448 0 1 false 5 0
g 224 400 224 448 0 0
w 240 352 176 352 0
f 240 352 240 400 32 1.5 0.02
R 192 256 240 256 0 0 40 3 0 0 0.5
R 352 256 400 256 0 0 40 3 0 0 0.5
f 400 352 400 400 32 1.5 0.02
w 400 352 336 352 0
L 336 352 336 448 0 1 false 5 0
f 336 352 336 256 33 1.5 0.02
w 256 400 384 400 0
w 160 256 160 240 0
w 160 240 320 240 0
w 320 240 320 256 0
w 320 240 448 240 0
w 416 400 448 400 0
w 448 400 448 240 0
f 560 400 608 400 32 1.5 0.02
w 448 240 560 240 0
w 448 400 560 400 0
w 608 384 608 336 0
w 608 336 672 336 0
w 608 304 672 304 0
M 672 320 720 320 0 2.5
w 672 336 672 320 0
w 672 304 672 320 0
g 608 416 608 448 0 0
f 560 240 608 240 33 1.5 0.02
w 608 256 608 304 0
R 608 224 608 192 0 0 40 3 0 0 0.5
x 311 159 484 162 4 24 AND\s2\sEntradas
