$ 0 0.000005 10.20027730826997 50 5 50 5e-11
L 96 -48 96 -96 0 1 false 5 0
L 192 -16 192 -96 0 1 false 5 0
f 304 304 352 304 32 1.5 0.02
f 304 384 352 384 32 1.5 0.02
f 304 464 352 464 32 1.5 0.02
w 352 320 352 368 0
w 352 400 352 448 0
g 352 560 352 608 0 0
w 304 464 288 464 0
f 304 64 352 64 33 1.5 0.02
f 304 144 352 144 33 1.5 0.02
f 304 224 352 224 33 1.5 0.02
w 304 144 192 144 0
R 352 48 352 16 0 0 40 3 0 0 0.5
R 352 128 352 96 0 0 40 3 0 0 0.5
R 352 208 352 176 0 0 40 3 0 0 0.5
w 288 464 96 464 0
w 96 96 96 464 0
w 304 64 96 64 0
w 96 96 96 64 0
w 192 96 192 144 0
w 192 144 192 384 0
w 304 384 192 384 0
L 272 -16 272 -96 0 0 false 5 0
w 272 96 272 304 0
w 304 304 272 304 0
w 304 224 272 224 0
w 272 304 272 224 0
w 352 80 400 80 0
w 352 240 400 240 0
w 400 80 400 240 0
w 352 288 352 272 0
w 352 272 432 272 0
w 400 240 432 240 0
w 432 272 432 256 0
w 432 240 432 256 0
M 432 256 496 256 0 2.5
w 352 160 400 160 0
w 400 80 400 160 0
x 113 -145 303 -142 4 24 NAND\s4\sEntradas
f 304 544 352 544 32 1.5 0.02
w 352 528 352 480 0
L 32 -48 32 -96 0 0 false 5 0
w 32 64 32 544 0
w 304 544 32 544 0
f 304 -32 352 -32 33 1.5 0.02
w 272 -16 272 96 0
w 192 -16 192 96 0
w 96 -48 96 64 0
w 32 -48 32 64 0
w 304 -32 32 -32 0
w 32 -48 32 -32 0
R 352 -48 352 -80 0 0 40 3 0 0 0.5
w 352 -16 400 -16 0
w 400 -16 400 80 0
