$ 0 0.000005 10.20027730826997 50 5 50 5e-11
f 128 160 192 160 33 1.5 0.02
f 272 160 384 160 33 1.5 0.02
w 384 176 384 240 0
w 192 176 192 240 0
f 288 320 320 320 32 1.5 0.02
f 288 384 320 384 32 1.5 0.02
w 320 336 320 368 0
M 448 272 528 272 0 2.5
g 320 400 320 448 0 0
w 192 240 384 240 0
w 320 304 320 240 0
w 320 272 448 272 0
w 320 304 320 272 0
w 288 320 272 320 0
w 384 240 320 240 0
w 272 384 272 160 0
w 272 320 128 320 0
w 128 160 128 320 0
L 128 160 16 160 0 1 false 5 0
w 288 384 272 384 0
L 272 160 208 160 0 1 false 5 0
x 197 66 387 69 4 24 NAND\s2\sEntradas
w 192 144 192 112 0
w 384 144 384 112 0
R 384 112 16 112 0 0 40 3 0 0 0.5
w 384 112 192 112 0
