$ 0 0.000005 10.20027730826997 50 5 50 5e-11
f 320 144 368 144 33 1.5 0.02
f 320 224 368 224 33 1.5 0.02
f 320 336 368 336 32 1.5 0.02
f 416 288 464 288 32 1.5 0.02
R 368 128 368 80 0 0 40 3 0 0 0.5
w 368 160 368 208 0
w 416 288 368 288 0
w 368 288 272 288 0
w 272 288 272 224 0
w 368 320 368 240 0
w 368 240 464 240 0
w 464 272 464 240 0
M 464 240 512 240 0 2.5
w 464 304 464 352 0
w 368 352 368 384 0
w 464 352 464 384 0
w 464 384 368 384 0
g 368 384 368 432 0 0
L 224 144 160 144 0 0 false 5 0
L 224 224 160 224 0 0 false 5 0
w 320 144 224 144 0
w 320 224 224 224 0
w 224 224 272 224 0
w 320 336 224 336 0
w 224 336 224 144 0
x 289 63 465 66 4 24 NOR\s2\sEntradas
