$ 0 0.000005 10.20027730826997 50 5 50 5e-11
f 320 144 368 144 33 1.5 0.02
f 320 240 368 240 33 1.5 0.02
R 368 128 368 80 0 0 40 3 0 0 0.5
w 368 160 368 224 0
w 368 336 368 256 0
L 224 144 160 144 0 0 false 5 0
L 224 240 160 240 0 0 false 5 0
w 320 144 224 144 0
w 320 240 224 240 0
w 320 352 224 352 0
x 263 64 439 67 4 24 NOR\s3\sEntradas
L 224 352 160 352 0 0 false 5 0
f 320 352 368 352 33 1.5 0.02
f 256 160 256 192 32 1.5 0.02
w 256 160 256 144 0
w 224 144 256 144 0
g 240 192 240 208 0 0
g 240 288 240 304 0 0
f 256 240 256 288 32 1.5 0.02
g 240 400 240 416 0 0
f 256 368 256 400 32 1.5 0.02
w 224 240 256 240 0
w 256 368 256 352 0
w 224 352 256 352 0
w 272 192 432 192 0
w 272 288 432 288 0
w 272 400 432 400 0
w 432 192 432 288 0
w 432 288 432 400 0
w 432 288 496 288 0
w 368 368 432 368 0
w 432 288 432 368 0
M 496 288 528 288 0 2.5
