$ 0 0.000005 10.20027730826997 50 5 50 5e-11
M 496 288 528 288 0 2.5
w 432 288 496 288 0
w 432 288 432 400 0
w 432 192 432 288 0
w 272 400 432 400 0
w 272 288 432 288 0
w 272 192 432 192 0
w 224 352 256 352 0
w 256 368 256 352 0
w 224 240 256 240 0
f 256 368 256 400 32 1.5 0.02
g 240 400 240 416 0 0
f 256 240 256 288 32 1.5 0.02
g 240 288 240 304 0 0
g 240 192 240 208 0 0
w 224 144 256 144 0
w 256 160 256 144 0
f 256 160 256 192 32 1.5 0.02
f 320 352 368 352 33 1.5 0.02
L 224 352 160 352 0 0 false 5 0
w 320 352 224 352 0
w 320 240 224 240 0
w 320 144 224 144 0
L 224 240 160 240 0 0 false 5 0
L 224 144 160 144 0 0 false 5 0
w 368 336 368 256 0
w 368 160 368 224 0
R 368 128 368 80 0 0 40 3 0 0 0.5
f 320 240 368 240 33 1.5 0.02
f 320 144 368 144 33 1.5 0.02
f 320 464 368 464 33 1.5 0.02
w 368 480 368 544 0
L 224 464 160 464 0 0 false 5 0
w 320 464 224 464 0
f 256 480 256 512 32 1.5 0.02
w 256 480 256 464 0
w 224 464 256 464 0
w 368 368 368 448 0
w 368 544 432 544 0
w 432 400 432 544 0
g 240 512 240 528 0 0
x 241 49 417 52 4 24 NOR\s4\sEntradas
