$ 0 0.000005 10.20027730826997 50 5 50 5e-11
L 80 160 16 160 0 1 false 5 0
L 80 256 16 256 0 1 false 5 0
w 80 160 176 160 0
w 80 256 176 256 0
f 192 160 272 160 33 1.5 0.02
f 176 256 272 256 33 1.5 0.02
w 272 240 272 176 0
f 80 352 144 352 32 1.5 0.02
f 240 352 272 352 32 1.5 0.02
w 80 352 80 256 0
w 240 352 192 352 0
w 192 352 192 160 0
w 176 160 192 160 0
w 144 336 144 304 0
w 144 304 352 304 0
w 352 304 352 224 0
w 352 224 432 224 0
f 432 160 528 160 33 1.5 0.02
f 432 288 528 288 32 1.5 0.02
w 432 224 432 160 0
w 432 288 432 224 0
w 528 176 560 176 0
w 528 272 560 272 0
w 560 272 560 224 0
w 560 176 560 224 0
M 560 224 608 224 0 2.5
g 144 368 144 400 0 0
g 272 368 272 400 0 0
g 528 304 528 400 0 0
w 272 336 272 304 0
w 144 304 272 304 0
w 272 272 352 272 0
w 352 272 352 304 0
R 272 64 0 64 0 0 40 3 0 0 0.5
w 272 144 272 64 0
w 272 64 528 64 0
w 528 144 528 64 0
x 219 -28 377 -25 4 24 OR\s2\sEntradas
