$ 1 0.000005 10.20027730826997 50 5 50 5e-11
L 192 176 144 176 0 1 false 5 0
L 192 208 144 208 0 1 false 5 0
w 304 192 304 112 0
w 304 112 320 112 0
w 304 192 304 256 0
w 320 256 304 256 0
w 432 96 448 96 0
w 448 96 448 176 0
w 448 176 480 176 0
w 432 272 448 272 0
w 448 272 448 208 0
w 448 208 480 208 0
w 192 208 192 288 0
w 320 288 192 288 0
w 192 176 192 80 0
w 320 80 192 80 0
w 592 192 640 192 0
w 640 192 640 112 0
w 672 112 640 112 0
w 784 96 848 96 0
w 848 32 848 96 0
w 672 80 672 0 0
w 848 96 848 128 0
w 864 128 848 128 0
w 640 192 864 192 0
w 864 192 864 160 0
w 848 128 848 288 0
w 864 288 848 288 0
w 304 256 304 320 0
w 864 320 304 320 0
M 976 304 1040 304 0 2.5
w 976 144 1024 144 0
w 1024 96 1024 144 0
w 960 16 1024 16 0
w 1024 16 1024 64 0
M 1136 80 1200 80 0 2.5
L 176 0 144 0 0 1 false 5 0
w 176 0 672 0 0
w 672 0 848 0 0
x 1054 311 1104 314 4 24 Cout
x 1216 87 1274 90 4 24 soma
x 89 7 125 10 4 24 Cin
x 105 179 121 182 4 24 A
x 104 217 120 220 4 24 B
x 346 -71 829 -68 4 30 Somador\sCompleto\susando\s74HC02
153 320 96 432 96 0 2 0 5
153 320 272 432 272 0 2 0 5
153 480 192 592 192 0 2 5 5
153 672 96 784 96 0 2 0 5
153 848 16 960 16 0 2 0 5
153 864 144 976 144 0 2 0 5
153 1024 80 1136 80 0 2 5 5
153 864 304 976 304 0 2 5 5
153 192 192 304 192 0 2 0 5
