$ 1 0.000005 10.20027730826997 50 5 50 5e-11
154 176 144 304 144 0 2 0 5
154 176 304 304 304 0 2 0 5
154 352 224 480 224 0 2 0 5
L 176 128 112 128 0 0 false 5 0
L 176 160 112 160 0 0 false 5 0
L 176 288 112 288 0 0 false 5 0
L 176 320 112 320 0 0 false 5 0
w 304 144 352 144 0
w 352 144 352 208 0
w 304 304 352 304 0
w 352 304 352 240 0
x 205 -27 498 -24 4 24 Verificador\sde\sParidade\sPar
x 64 133 89 136 4 20 D3
x 64 167 89 170 4 20 D2
x 61 295 86 298 4 20 D1
x 61 329 86 332 4 20 D0
x 677 100 747 103 4 20 Erro\s(E)
154 480 96 608 96 0 2 0 5
w 480 224 480 112 0
w 480 80 128 80 0
L 128 80 112 80 0 0 false 5 0
x 66 88 79 91 4 20 P
M 608 96 656 96 0 2.5
x 676 130 745 133 4 20 1\s\q\serro
x 675 159 783 162 4 20 0\s\q\snão\serro
