$ 1 0.000005 10.20027730826997 50 5 50 5e-11
w 256 160 144 160 0
w 256 352 144 352 0
L 144 160 64 160 0 1 false 5 0
L 144 352 64 352 0 0 false 5 0
w 144 352 144 272 0
w 144 160 144 240 0
w 256 192 256 256 0
w 256 320 256 256 0
w 224 256 256 256 0
w 352 176 400 176 0
w 400 240 400 176 0
w 352 336 400 336 0
w 400 272 400 336 0
M 496 256 560 256 0 2.5
151 256 176 352 176 0 2 0 5
151 144 256 224 256 0 2 5 5
151 256 336 352 336 0 2 5 5
151 400 256 496 256 0 2 5 5
x 227 122 439 125 4 24 XOR\susando\sNAND
